0 100 100 4934
450 100 566 4652
540 100 663 4696
0 100 100 10105
450 100 569 10774
540 100 665 9653
0 100 100 8769
450 100 560 6893
540 100 664 6818
0 100 100 8828
450 100 568 9426
540 100 670 9016
0 100 100 10137
450 100 562 8425
540 100 668 8833
0 100 100 10136
450 100 563 8759
540 100 668 8832
0 100 100 10134
450 100 564 9083
540 100 667 8670
0 100 100 10907
450 100 569 11391
540 100 672 10912
0 100 100 10918
450 100 568 11052
540 100 673 11387
0 100 100 10953
450 100 561 8693
540 100 669 9535
0 100 100 10953
450 100 561 8693
540 100 669 9535
0 220 220 45815
450 220 689 45111
540 220 780 45795
0 220 220 48138
450 220 687 46345
540 220 779 47995
0 220 220 47880
450 220 687 46106
540 220 784 47868
0 220 220 47876
450 220 687 46104
540 220 785 47864
0 220 220 48138
450 220 687 46345
540 220 786 48108
0 220 220 48131
450 220 687 46344
540 220 786 48101
0 220 220 48127
450 220 686 46238
540 220 785 48067
0 220 220 48246
450 220 687 46492
540 220 787 48201
0 220 220 48244
450 220 686 46417
540 220 787 48199
0 220 220 48241
450 220 686 46414
540 220 787 48196
0 220 220 48241
450 220 686 46414
540 220 787 48196
0 120 120 11046
450 120 593 11534
540 120 681 10876
0 120 120 16200
450 120 591 17072
540 120 681 15690
0 120 120 15454
450 120 589 16012
540 120 684 14902
0 120 120 15446
450 120 589 16007
540 120 685 14927
0 120 120 16174
450 120 581 14921
540 120 686 15545
0 120 120 16216
450 120 590 16867
540 120 691 16909
0 120 120 16148
450 120 590 16834
540 120 686 15676
0 120 120 16714
450 120 583 15746
540 120 687 15962
0 120 120 16731
450 120 591 17628
540 120 693 17590
0 120 120 16641
450 120 581 15264
540 120 687 15887
0 120 120 16641
450 120 581 15264
540 120 687 15887
0 80 80 1620
450 80 548 2025
540 80 645 1956
0 80 80 4311
450 80 543 4310
540 80 643 4195
0 80 80 3633
450 80 543 3792
540 80 648 3673
0 80 80 3633
450 80 542 3633
540 80 648 3513
0 80 80 4307
450 80 543 4311
540 80 650 4199
0 80 80 4298
450 80 541 3971
540 80 648 3856
0 80 80 4294
450 80 544 4460
540 80 650 4362
0 80 80 4760
450 80 540 4157
540 80 648 4054
0 80 80 4686
450 80 542 4413
540 80 650 4321
0 80 80 4663
450 80 539 3893
540 80 647 3778
0 80 80 4663
450 80 539 3893
540 80 647 3778
0 60 60 595
450 60 516 576
540 60 613 576
0 60 60 1309
450 60 522 1544
540 60 622 1501
0 60 60 1231
450 60 519 1293
540 60 624 1281
0 60 60 1239
450 60 520 1329
540 60 626 1328
0 60 60 1399
450 60 523 1724
540 60 630 1692
0 60 60 1398
450 60 522 1677
540 60 629 1638
0 60 60 1398
450 60 522 1677
540 60 628 1638
0 60 60 1369
450 60 518 1458
540 60 626 1428
0 60 60 1342
450 60 520 1558
540 60 628 1518
0 60 60 1339
450 60 521 1608
540 60 629 1578
0 60 60 1339
450 60 521 1608
540 60 629 1578
0 180 180 41385
450 180 651 33382
540 180 740 41140
0 180 180 43934
450 180 660 43690
540 180 739 43068
0 180 180 43545
450 180 658 43149
540 180 744 43155
0 180 180 43536
450 180 652 42134
540 180 745 43146
0 180 180 43929
450 180 652 42739
540 180 746 43469
0 180 180 43926
450 180 647 41533
540 180 746 43466
0 180 180 43930
450 180 649 42132
540 180 745 43465
0 180 180 44144
450 180 644 41168
540 180 747 43751
0 180 180 44142
450 180 645 41527
540 180 747 43749
0 180 180 44148
450 180 644 41172
540 180 747 43755
0 180 180 44148
450 180 644 41172
540 180 747 43755
0 240 240 48246
450 240 709 46851
540 240 800 48241
0 240 240 49411
450 240 712 48422
540 240 799 49345
0 240 240 49229
450 240 711 48248
540 240 804 49229
0 240 240 49227
450 240 711 48246
540 240 805 49227
0 240 240 49409
450 240 712 48420
540 240 806 49409
0 240 240 49409
450 240 712 48420
540 240 806 49409
0 240 240 49407
450 240 712 48418
540 240 805 49407
0 240 240 49424
450 240 712 48461
540 240 807 49424
0 240 240 49424
450 240 712 48461
540 240 807 49424
0 240 240 49424
450 240 712 48461
540 240 807 49424
0 240 240 49424
450 240 712 48461
540 240 807 49424
0 200 200 44144
450 200 667 42086
540 200 760 44060
0 200 200 45551
450 200 667 44719
540 200 759 45324
0 200 200 45204
450 200 667 44480
540 200 764 45180
0 200 200 45210
450 200 671 44928
540 200 765 45186
0 200 200 45546
450 200 667 44711
540 200 766 45497
0 200 200 45544
450 200 664 44329
540 200 766 45495
0 200 200 45550
450 200 667 44715
540 200 765 45451
0 200 200 45815
450 200 666 44746
540 200 767 45704
0 200 200 45851
450 200 672 45413
540 200 767 45740
0 200 200 45848
450 200 672 45410
540 200 767 45737
0 200 200 45848
450 200 672 45410
540 200 767 45737
0 40 40 300
450 40 494 314
540 40 591 280
0 40 40 359
450 40 494 391
540 40 594 391
0 40 40 385
450 40 495 465
540 40 598 426
0 40 40 383
450 40 495 463
540 40 599 424
0 40 40 559
450 40 494 588
540 40 601 516
0 40 40 549
450 40 496 648
540 40 603 564
0 40 40 553
450 40 496 652
540 40 602 566
0 40 40 424
450 40 490 419
540 40 598 419
0 40 40 420
450 40 490 416
540 40 598 416
0 40 40 420
450 40 490 416
540 40 598 416
0 40 40 420
450 40 490 416
540 40 598 416
0 160 160 25987
450 160 629 23256
540 160 720 26260
0 160 160 39996
450 160 643 40120
540 160 721 37600
0 160 160 37324
450 160 640 37276
540 160 724 35485
0 160 160 37323
450 160 641 37746
540 160 725 36098
0 160 160 39992
450 160 644 40460
540 160 726 37908
0 160 160 40007
450 160 645 40878
540 160 726 37923
0 160 160 40003
450 160 643 40125
540 160 726 38150
0 160 160 41385
450 160 627 33371
540 160 727 39017
0 160 160 41379
450 160 630 34756
540 160 727 39010
0 160 160 41376
450 160 631 35246
540 160 727 39010
0 160 160 41376
450 160 631 35246
540 160 727 39010
0 140 140 16721
450 140 607 15816
540 140 700 16705
0 140 140 24667
450 140 608 23688
540 140 699 22245
0 140 140 22862
450 140 607 21749
540 140 704 21883
0 140 140 22837
450 140 612 24155
540 140 705 22183
0 140 140 24664
450 140 604 21752
540 140 706 23388
0 140 140 24662
450 140 605 22227
540 140 706 23386
0 140 140 24671
450 140 612 25483
540 140 706 23500
0 140 140 25987
450 140 605 23256
540 140 707 24107
0 140 140 26012
450 140 615 27736
540 140 708 24750
0 140 140 25946
450 140 602 21714
540 140 707 24059
0 140 140 25946
450 140 602 21714
540 140 707 24059
