0 100 100 4934
450 100 555 4439
540 100 647 4321
0 100 100 10105
450 100 554 8499
540 100 646 8247
0 100 100 8769
450 100 553 7218
540 100 648 7043
0 100 100 8828
450 100 554 7564
540 100 650 7355
0 100 100 10137
450 100 553 8198
540 100 649 7952
0 100 100 10136
450 100 552 7876
540 100 648 7659
0 100 100 10134
450 100 552 7874
540 100 649 7657
0 100 100 10907
450 100 553 8787
540 100 654 8511
0 100 100 10918
450 100 554 9138
540 100 655 8859
0 100 100 10953
450 100 552 8474
540 100 653 8221
0 100 100 10953
450 100 552 8474
540 100 653 8221
0 220 220 45815
450 220 674 44982
540 220 766 45761
0 220 220 48138
450 220 673 46503
540 220 764 48008
0 220 220 47880
450 220 673 46199
540 220 767 47668
0 220 220 47876
450 220 673 46197
540 220 768 47664
0 220 220 48138
450 220 673 46503
540 220 768 48008
0 220 220 48131
450 220 673 46502
540 220 768 48005
0 220 220 48127
450 220 672 46375
540 220 769 48001
0 220 220 48246
450 220 673 46731
540 220 773 48162
0 220 220 48244
450 220 672 46600
540 220 773 48160
0 220 220 48241
450 220 672 46597
540 220 773 48157
0 220 220 48241
450 220 672 46597
540 220 773 48157
0 120 120 11046
450 120 575 8918
540 120 667 9134
0 120 120 16200
450 120 572 14953
540 120 664 14849
0 120 120 15454
450 120 572 14052
540 120 667 13943
0 120 120 15446
450 120 572 14044
540 120 668 13988
0 120 120 16174
450 120 572 14928
540 120 668 14877
0 120 120 16216
450 120 575 15686
540 120 670 15477
0 120 120 16148
450 120 574 15409
540 120 669 14869
0 120 120 16714
450 120 573 15605
540 120 673 15463
0 120 120 16731
450 120 575 16038
540 120 675 15971
0 120 120 16641
450 120 573 15556
540 120 673 15393
0 120 120 16641
450 120 573 15556
540 120 673 15393
0 80 80 1620
450 80 539 1912
540 80 631 1857
0 80 80 4311
450 80 533 3901
540 80 625 3757
0 80 80 3633
450 80 533 3301
540 80 628 3154
0 80 80 3633
450 80 533 3301
540 80 629 3154
0 80 80 4307
450 80 533 3898
540 80 629 3754
0 80 80 4298
450 80 532 3702
540 80 628 3564
0 80 80 4294
450 80 534 4065
540 80 631 3942
0 80 80 4760
450 80 533 4295
540 80 634 4172
0 80 80 4686
450 80 533 4218
540 80 634 4098
0 80 80 4663
450 80 532 4018
540 80 633 3893
0 80 80 4663
450 80 532 4018
540 80 633 3893
0 60 60 595
450 60 513 598
540 60 605 596
0 60 60 1309
450 60 516 1482
540 60 608 1462
0 60 60 1231
450 60 514 1245
540 60 609 1233
0 60 60 1239
450 60 516 1345
540 60 612 1330
0 60 60 1399
450 60 516 1589
540 60 612 1557
0 60 60 1398
450 60 516 1587
540 60 612 1555
0 60 60 1398
450 60 516 1587
540 60 613 1555
0 60 60 1369
450 60 511 1330
540 60 612 1306
0 60 60 1342
450 60 512 1368
540 60 613 1342
0 60 60 1339
450 60 513 1437
540 60 614 1400
0 60 60 1339
450 60 513 1437
540 60 614 1400
0 180 180 41385
450 180 636 32202
540 180 726 38021
0 180 180 43934
450 180 642 43091
540 180 724 42712
0 180 180 43545
450 180 640 42272
540 180 727 42420
0 180 180 43536
450 180 635 40460
540 180 729 42575
0 180 180 43929
450 180 635 41643
540 180 729 42837
0 180 180 43926
450 180 632 40457
540 180 728 42705
0 180 180 43930
450 180 635 41644
540 180 730 42838
0 180 180 44144
450 180 632 41268
540 180 733 43097
0 180 180 44142
450 180 632 41266
540 180 733 43095
0 180 180 44148
450 180 632 41272
540 180 733 43101
0 180 180 44148
450 180 632 41272
540 180 733 43101
0 240 240 48246
450 240 694 47079
540 240 786 48232
0 240 240 49411
450 240 695 48520
540 240 785 49411
0 240 240 49229
450 240 695 48391
540 240 788 49314
0 240 240 49227
450 240 695 48389
540 240 789 49312
0 240 240 49409
450 240 695 48518
540 240 789 49409
0 240 240 49409
450 240 695 48518
540 240 789 49409
0 240 240 49407
450 240 695 48516
540 240 790 49407
0 240 240 49424
450 240 695 48628
540 240 794 49424
0 240 240 49424
450 240 695 48628
540 240 794 49424
0 240 240 49424
450 240 695 48628
540 240 794 49424
0 240 240 49424
450 240 695 48628
540 240 794 49424
0 200 200 44144
450 200 654 41091
540 200 746 43516
0 200 200 45551
450 200 653 44483
540 200 744 45305
0 200 200 45204
450 200 652 43946
540 200 747 44939
0 200 200 45210
450 200 655 44347
540 200 749 45065
0 200 200 45546
450 200 652 44337
540 200 748 45300
0 200 200 45544
450 200 652 44335
540 200 748 45298
0 200 200 45550
450 200 652 44341
540 200 749 45304
0 200 200 45815
450 200 652 44575
540 200 753 45609
0 200 200 45851
450 200 655 44970
540 200 754 45794
0 200 200 45848
450 200 655 44966
540 200 754 45791
0 200 200 45848
450 200 655 44966
540 200 754 45791
0 40 40 300
450 40 493 320
540 40 585 290
0 40 40 359
450 40 490 341
540 40 581 330
0 40 40 385
450 40 490 365
540 40 584 351
0 40 40 383
450 40 490 363
540 40 585 349
0 40 40 559
450 40 490 498
540 40 585 453
0 40 40 549
450 40 492 561
540 40 587 507
0 40 40 553
450 40 493 599
540 40 589 537
0 40 40 424
450 40 490 420
540 40 591 420
0 40 40 420
450 40 490 417
540 40 591 417
0 40 40 420
450 40 490 417
540 40 591 417
0 40 40 420
450 40 490 417
540 40 591 417
0 160 160 25987
450 160 616 22587
540 160 706 23543
0 160 160 39996
450 160 620 34270
540 160 704 34173
0 160 160 37324
450 160 617 31416
540 160 707 32159
0 160 160 37323
450 160 618 31847
540 160 708 32295
0 160 160 39992
450 160 621 34808
540 160 708 34205
0 160 160 40007
450 160 617 32780
540 160 708 34220
0 160 160 40003
450 160 615 31856
540 160 709 34216
0 160 160 41385
450 160 614 32314
540 160 713 35936
0 160 160 41379
450 160 615 32771
540 160 713 35930
0 160 160 41376
450 160 615 32771
540 160 713 35927
0 160 160 41376
450 160 615 32771
540 160 713 35927
0 140 140 16721
450 140 595 15651
540 140 686 15998
0 140 140 24667
450 140 593 21190
540 140 684 21247
0 140 140 22862
450 140 593 19873
540 140 687 19862
0 140 140 22837
450 140 592 19419
540 140 688 19900
0 140 140 24664
450 140 593 21186
540 140 688 21303
0 140 140 24662
450 140 594 21675
540 140 688 21301
0 140 140 24671
450 140 592 20756
540 140 689 21313
0 140 140 25987
450 140 594 22668
540 140 693 22380
0 140 140 26012
450 140 593 22189
540 140 693 22405
0 140 140 25946
450 140 594 22637
540 140 693 22344
0 140 140 25946
450 140 594 22637
540 140 693 22344
