0 220 220 45815
450 220 675 45739
540 220 762 45815
0 220 220 48138
450 220 674 47990
540 220 762 48138
0 220 220 47880
450 220 676 47668
540 220 764 47880
0 220 220 47876
450 220 676 47664
540 220 765 47876
0 220 220 48138
450 220 677 48008
540 220 765 48138
0 220 220 48131
450 220 677 48005
540 220 765 48131
0 220 220 48127
450 220 678 48001
540 220 766 48127
0 220 220 48246
450 220 682 48162
540 220 769 48246
0 220 220 48244
450 220 682 48160
540 220 769 48244
0 220 220 48241
450 220 682 48157
540 220 769 48241
0 220 220 48241
450 220 682 48157
540 220 769 48241
0 120 120 11046
450 120 576 9064
540 120 662 11046
0 120 120 16200
450 120 574 14846
540 120 662 16200
0 120 120 15454
450 120 576 13916
540 120 664 15454
0 120 120 15446
450 120 576 13908
540 120 665 15446
0 120 120 16174
450 120 577 14862
540 120 665 16174
0 120 120 16216
450 120 579 15464
540 120 665 16216
0 120 120 16148
450 120 578 14851
540 120 666 16148
0 120 120 16714
450 120 582 15428
540 120 669 16714
0 120 120 16731
450 120 584 15933
540 120 669 16731
0 120 120 16641
450 120 582 15358
540 120 669 16641
0 120 120 16641
450 120 582 15358
540 120 669 16641
0 180 180 41385
450 180 635 37923
540 180 722 41385
0 180 180 43934
450 180 634 42706
540 180 722 43934
0 180 180 43545
450 180 636 42420
540 180 724 43545
0 180 180 43536
450 180 637 42499
540 180 725 43536
0 180 180 43929
450 180 638 42837
540 180 725 43929
0 180 180 43926
450 180 637 42705
540 180 725 43926
0 180 180 43930
450 180 639 42838
540 180 726 43930
0 180 180 44144
450 180 642 42980
540 180 729 44144
0 180 180 44142
450 180 642 42978
540 180 729 44142
0 180 180 44148
450 180 642 42984
540 180 729 44148
0 180 180 44148
450 180 642 42984
540 180 729 44148
0 240 240 48246
450 240 695 48219
540 240 782 48246
0 240 240 49411
450 240 695 49411
540 240 782 49411
0 240 240 49229
450 240 697 49314
540 240 784 49229
0 240 240 49227
450 240 697 49312
540 240 785 49227
0 240 240 49409
450 240 698 49409
540 240 785 49409
0 240 240 49409
450 240 698 49409
540 240 785 49409
0 240 240 49407
450 240 699 49407
540 240 786 49407
0 240 240 49424
450 240 703 49424
540 240 789 49424
0 240 240 49424
450 240 703 49424
540 240 789 49424
0 240 240 49424
450 240 703 49424
540 240 789 49424
0 240 240 49424
450 240 703 49424
540 240 789 49424
0 200 200 44144
450 200 655 43505
540 200 742 44144
0 200 200 45551
450 200 654 45280
540 200 742 45551
0 200 200 45204
450 200 656 44939
540 200 744 45204
0 200 200 45210
450 200 657 45050
540 200 745 45210
0 200 200 45546
450 200 657 45300
540 200 745 45546
0 200 200 45544
450 200 657 45298
540 200 745 45544
0 200 200 45550
450 200 658 45304
540 200 746 45550
0 200 200 45815
450 200 662 45609
540 200 749 45815
0 200 200 45851
450 200 663 45794
540 200 749 45851
0 200 200 45848
450 200 663 45791
540 200 749 45848
0 200 200 45848
450 200 663 45791
540 200 749 45848
0 160 160 25987
450 160 615 23512
540 160 702 25987
0 160 160 39996
450 160 614 34162
540 160 702 39996
0 160 160 37324
450 160 616 32159
540 160 704 37324
0 160 160 37323
450 160 616 32158
540 160 705 37323
0 160 160 39992
450 160 617 34172
540 160 705 39992
0 160 160 40007
450 160 617 34187
540 160 705 40007
0 160 160 40003
450 160 618 34216
540 160 706 40003
0 160 160 41385
450 160 622 35764
540 160 709 41385
0 160 160 41379
450 160 622 35758
540 160 709 41379
0 160 160 41376
450 160 622 35755
540 160 709 41376
0 160 160 41376
450 160 622 35755
540 160 709 41376
0 140 140 16721
450 140 595 15965
540 140 682 16721
0 140 140 24667
450 140 594 21237
540 140 682 24667
0 140 140 22862
450 140 596 19862
540 140 684 22862
0 140 140 22837
450 140 596 19837
540 140 685 22837
0 140 140 24664
450 140 597 21261
540 140 685 24664
0 140 140 24662
450 140 597 21259
540 140 685 24662
0 140 140 24671
450 140 598 21310
540 140 686 24671
0 140 140 25987
450 140 602 22312
540 140 689 25987
0 140 140 26012
450 140 602 22337
540 140 689 26012
0 140 140 25946
450 140 602 22276
540 140 689 25946
0 140 140 25946
450 140 602 22276
540 140 689 25946
